Vector Kr : 
149
179
225
20
235
245
167
113
56
149
164
165
227
200
174
181
174
168
196
222
164
71
178
125
216
230
192
96
22
222
10
193
148
221
20
58
64
82
123
196
67
213
64
4
4
140
24
146
160
69
45
234
53
98
139
64
94
230
81
30
246
49
149
137
109
127
180
198
102
82
85
188
66
245
65
113
188
28
13
178
13
155
161
180
43
223
83
239
184
13
61
101
35
241
183
124
50
61
206
7
216
13
216
19
21
120
151
197
53
181
198
167
179
35
243
91
125
44
28
179
95
6
88
91
87
66
176
69
14
99
146
175
168
96
165
199
46
40
5
100
85
13
252
241
16
87
21
250
58
219
214
40
64
225
215
173
85
104
241
60
155
212
147
10
47
212
64
254
91
206
51
47
34
192
29
23
172
177
5
38
133
41
204
196
193
188
131
76
48
135
247
13
123
104
3
42
4
122
84
85
Vector Kc : 
16
183
53
179
96
40
65
155
248
202
185
170
1
29
100
58
145
238
120
50
174
217
237
94
144
200
101
175
172
206
215
98
165
229
96
35
11
223
217
211
41
201
250
57
65
86
123
105
37
29
242
134
155
29
85
39
254
42
155
48
143
169
25
128
101
91
188
182
146
41
141
181
194
96
134
62
66
70
128
179
111
237
237
8
161
88
168
146
132
78
111
81
108
80
214
203
35
8
240
140
133
61
121
0
161
4
193
107
171
162
55
213
89
226
84
142
103
111
201
49
164
93
53
45
136
184
89
197
124
77
166
132
26
236
35
211
60
46
137
14
191
38
98
39
148
134
69
197
29
165
218
141
224
15
21
110
189
89
206
223
207
198
151
71
117
255
91
54
167
50
172
96
81
246
151
214
22
158
235
201
183
7
132
171
123
170
36
18
253
0
27
110
189
147
15
117
79
252
197
87
ITER_MAX : 
1
